Results: Sensitivity=.703, Specificity=.679, PosPredictivity=.960
Record Nn' Vn' Fn' On'  Nv   Vv  Fv' Ov' No' Vo' Fo'  Q Se   Q +P   V Se   V +P  V FPR
 100  1414   1   0   0 458    0   0   0   0   0   0 100.00 100.00   0.00   0.00 24.466
 101   648   0   0   0 870    0   0   0   0   0   0 100.00 100.00      -   0.00 57.312
 102     1   1   0   0   0    2   0   0   0   0   0 100.00 100.00  66.67 100.00  0.000
 103   982   0   0   0 745    0   0   0   0   0   0 100.00 100.00      -   0.00 43.138
 104    43   0   0   0  55    1   0   0   0   0   0 100.00 100.00 100.00   1.79 56.122
 105  2121  29   0   0   0    0   0   0   0   0   0 100.00 100.00   0.00      -  0.000
 106   417 366   0   0 819   94   0   0   0   0   0 100.00 100.00  20.43  10.30 66.262
 108   675   7   0   0 785    6   0   0   0   0   0 100.00 100.00  46.15   0.76 53.767
 112  1303   0   0   0 806    0   0   0   0   0   0 100.00 100.00      -   0.00 38.217
 113   777   0   0   0 724    0   0   0   0   0   0 100.00 100.00      -   0.00 48.235
 114     0  29   0   0 1559    1   0   0   0   0   0 100.00 100.00   3.33   0.06 100.000
 115   871   0   0   0 766    0   0   0   0   0   0 100.00 100.00      -   0.00 46.793
 116  1918   2   0   0   0   96   0   0   0   0   0 100.00 100.00  97.96 100.00  0.000
 117   672   0   0   0 611    0   0   0   0   0   0 100.00 100.00      -   0.00 47.623
 119  1297   0   0   0   0  364   0   0   0   0   0 100.00 100.00 100.00 100.00  0.000
 121   859   0   0   0 699    1   0   0   0   0   0 100.00 100.00 100.00   0.14 44.865
 122   992   0   0   0 1062    0   0   0   0   0   0 100.00 100.00      -   0.00 51.704
 123   639   3   0   0 627    0   0   0   0   0   0 100.00 100.00   0.00   0.00 49.526
 200  1438  91   0   0   0  609   0   0   0   0   0 100.00 100.00  87.00 100.00  0.000
 201  1182   1   0   0   3  197   0   0   0   0   0 100.00 100.00  99.49  98.50  0.253
 202   807  15   0   0 993    0   0   0   0   0   0 100.00 100.00   0.00   0.00 55.167
 203  2044  45   0   0  59  328   0   0   0   0   0 100.00 100.00  87.94  84.75  2.806
 205  2123   2   0   0   0   63   0   0   0   0   0 100.00 100.00  96.92 100.00  0.000
 208  1307  46   0   0   1  778   0   0   0   0   0 100.00 100.00  94.42  99.87  0.076
 209  1075   1   0   0 1071    0   0   0   0   0   0 100.00 100.00   0.00   0.00 49.907
 210  2010  34   0   0   0  130   0   0   0   0   0 100.00 100.00  79.27 100.00  0.000
 212   434   0   0   0 360    0   0   0   0   0   0 100.00 100.00      -   0.00 45.340
 213  2209 195   0   0   0    0   0   0   0   0   0 100.00 100.00   0.00      -  0.000
 215  2661 131   0   0   0    0   0   0   0   0   0 100.00 100.00   0.00      -  0.000
 217   235  17   0   0   0  123   0   0   0   0   0 100.00 100.00  87.86 100.00  0.000
 219  1715  51   0   0   0    0   0   0   0   0   0 100.00 100.00   0.00      -  0.000
 220   829   0   0   0 772    0   0   0   0   0   0 100.00 100.00      -   0.00 48.220
 221     0 304   0   0 1704   12   0   0   0   0   0 100.00 100.00   3.80   0.70 100.000
 222   847   0   0   0 848    0   0   0   0   0   0 100.00 100.00      -   0.00 50.029
 223  1460 124   0   0 196  331   0   0   0   0   0 100.00 100.00  72.75  62.81 11.836
 228  1398  65   0   0   0  237   0   0   0   0   0 100.00 100.00  78.48 100.00  0.000
 230  1109   1   0   0 749    0   0   0   0   0   0 100.00 100.00   0.00   0.00 40.312
 231   302   0   0   0   0    0   0   0   0   0   0 100.00 100.00      -      -  0.000
 233  1859 241   0   0   0  451   0   0   0   0   0 100.00 100.00  65.17 100.00  0.000
 234  1125   3   0   0 1113    0   0   0   0   0   0 100.00 100.00   0.00   0.00 49.732
______________________________________________________________________________________
Sum   43798 1805   0   0 18455 3824   0   0   0   0   0
Gross                                                  100.00 100.00  67.93  17.16 29.645
Average                                                100.00 100.00  47.85  35.99 29.543
Total QRS complexes: 67882  Total VEBs: 5629

Summary of results from 40 records
