Results: Sensitivity=.914, Specificity=.955, PosPredictivity=.995
Record Nn' Vn' Fn' On'  Nv   Vv  Fv' Ov' No' Vo' Fo'  Q Se   Q +P   V Se   V +P  V FPR
 100  1800   0   0   0  72    1   0   0   0   0   0 100.00 100.00 100.00   1.37  3.846
 101  1517   0   0   0   1    0   0   0   0   0   0 100.00 100.00      -   0.00  0.066
 102     1   0   0   0   0    3   0   0   0   0   0 100.00 100.00 100.00 100.00  0.000
 103  1724   0   0   0   3    0   0   0   0   0   0 100.00 100.00      -   0.00  0.174
 104    98   1   0   0   0    0   0   0   0   0   0 100.00 100.00   0.00      -  0.000
 105  2016   5   0   0 105   24   0   0   0   0   0 100.00 100.00  82.76  18.60  4.950
 106  1176  52   0   0  60  408   0   0   0   0   0 100.00 100.00  88.70  87.18  4.854
 108     0   0   0   0 1460   13   0   0   0   0   0 100.00 100.00 100.00   0.88 100.000
 112  2089   0   0   0  20    0   0   0   0   0   0 100.00 100.00      -   0.00  0.948
 113  1501   0   0   0   0    0   0   0   0   0   0 100.00 100.00      -      -  0.000
 114   353   0   0   0 1206   30   0   0   0   0   0 100.00 100.00 100.00   2.43 77.357
 115  1635   0   0   0   2    0   0   0   0   0   0 100.00 100.00      -   0.00  0.122
 116  1460  14   0   0 458   84   0   0   0   0   0 100.00 100.00  85.71  15.50 23.879
 117   471   0   0   0 812    0   0   0   0   0   0 100.00 100.00      -   0.00 63.289
 119  1297   0   0   0   0  364   0   0   0   0   0 100.00 100.00 100.00 100.00  0.000
 121  1549   0   0   0   9    1   0   0   0   0   0 100.00 100.00 100.00  10.00  0.578
 122  2054   0   0   0   0    0   0   0   0   0   0 100.00 100.00      -      -  0.000
 123  1266   0   0   0   0    3   0   0   0   0   0 100.00 100.00 100.00 100.00  0.000
 200  1432  21   0   0   6  679   0   0   0   0   0 100.00 100.00  97.00  99.12  0.417
 201  1183   0   0   0   2  198   0   0   0   0   0 100.00 100.00 100.00  99.00  0.169
 202  1796   0   0   0   4   15   0   0   0   0   0 100.00 100.00 100.00  78.95  0.222
 203  1582   0   0   0 521  373   0   0   0   0   0 100.00 100.00 100.00  41.72 24.774
 205  2120   0   0   0   3   65   0   0   0   0   0 100.00 100.00 100.00  95.59  0.141
 208  1253   1   0   0  55  823   0   0   0   0   0 100.00 100.00  99.88  93.74  4.205
 209  2139   0   0   0   7    1   0   0   0   0   0 100.00 100.00 100.00  12.50  0.326
 210  1981   9   0   0  29  155   0   0   0   0   0 100.00 100.00  94.51  84.24  1.443
 212   794   0   0   0   0    0   0   0   0   0   0 100.00 100.00      -      -  0.000
 213  2207   2   0   0   2  193   0   0   0   0   0 100.00 100.00  98.97  98.97  0.091
 215  2661   1   0   0   0  130   0   0   0   0   0 100.00 100.00  99.24 100.00  0.000
 217   235   4   0   0   0  136   0   0   0   0   0 100.00 100.00  97.14 100.00  0.000
 219  1715   5   0   0   0   46   0   0   0   0   0 100.00 100.00  90.20 100.00  0.000
 220  1600   0   0   0   1    0   0   0   0   0   0 100.00 100.00      -   0.00  0.062
 221  1701  26   0   0   3  290   0   0   0   0   0 100.00 100.00  91.77  98.98  0.176
 222  1412   0   0   0 283    0   0   0   0   0   0 100.00 100.00      -   0.00 16.696
 223  1495 103   0   0 161  352   0   0   0   0   0 100.00 100.00  77.36  68.62  9.722
 228  1353   0   0   0  45  302   0   0   0   0   0 100.00 100.00 100.00  87.03  3.219
 230  1853   0   0   0   5    1   0   0   0   0   0 100.00 100.00 100.00  16.67  0.269
 231   302   0   0   0   0    0   0   0   0   0   0 100.00 100.00      -      -  0.000
 233  1854   4   0   0   5  688   0   0   0   0   0 100.00 100.00  99.42  99.28  0.269
 234  2238   0   0   0   0    3   0   0   0   0   0 100.00 100.00 100.00 100.00  0.000
______________________________________________________________________________________
Sum   56913 248   0   0 5340 5381   0   0   0   0   0
Gross                                                  100.00 100.00  95.59  50.19  8.578
Average                                                100.00 100.00  93.20  54.58  8.557
Total QRS complexes: 67882  Total VEBs: 5629

Summary of results from 40 records
