Results: Sensitivity=.905, Specificity=.948, PosPredictivity=.994
Record Nn' Vn' Fn' On'  Nv   Vv  Fv' Ov' No' Vo' Fo'  Q Se   Q +P   V Se   V +P  V FPR
 100  1802   0   0   0  70    1   0   0   0   0   0 100.00 100.00 100.00   1.41  3.739
 101  1518   0   0   0   0    0   0   0   0   0   0 100.00 100.00      -      -  0.000
 102     1   0   0   0   0    3   0   0   0   0   0 100.00 100.00 100.00 100.00  0.000
 103  1719   0   0   0   8    0   0   0   0   0   0 100.00 100.00      -   0.00  0.463
 104    98   0   0   0   0    1   0   0   0   0   0 100.00 100.00 100.00 100.00  0.000
 105  1976   1   0   0 145   28   0   0   0   0   0 100.00 100.00  96.55  16.18  6.836
 106  1213   1   0   0  23  459   0   0   0   0   0 100.00 100.00  99.78  95.23  1.861
 108     0   0   0   0 1460   13   0   0   0   0   0 100.00 100.00 100.00   0.88 100.000
 112  2105   0   0   0   4    0   0   0   0   0   0 100.00 100.00      -   0.00  0.190
 113  1501   0   0   0   0    0   0   0   0   0   0 100.00 100.00      -      -  0.000
 114   442   0   0   0 1117   30   0   0   0   0   0 100.00 100.00 100.00   2.62 71.648
 115  1632   0   0   0   5    0   0   0   0   0   0 100.00 100.00      -   0.00  0.305
 116  1458   0   0   0 460   98   0   0   0   0   0 100.00 100.00 100.00  17.56 23.983
 117   587   0   0   0 696    0   0   0   0   0   0 100.00 100.00      -   0.00 54.248
 119  1297   0   0   0   0  364   0   0   0   0   0 100.00 100.00 100.00 100.00  0.000
 121  1546   0   0   0  12    1   0   0   0   0   0 100.00 100.00 100.00   7.69  0.770
 122  2054   0   0   0   0    0   0   0   0   0   0 100.00 100.00      -      -  0.000
 123  1266   0   0   0   0    3   0   0   0   0   0 100.00 100.00 100.00 100.00  0.000
 200  1437  14   0   0   1  686   0   0   0   0   0 100.00 100.00  98.00  99.85  0.070
 201  1184   1   0   0   1  197   0   0   0   0   0 100.00 100.00  99.49  99.49  0.084
 202  1796   3   0   0   4   12   0   0   0   0   0 100.00 100.00  80.00  75.00  0.222
 203  1744   1   0   0 359  372   0   0   0   0   0 100.00 100.00  99.73  50.89 17.071
 205  2119   0   0   0   4   65   0   0   0   0   0 100.00 100.00 100.00  94.20  0.188
 208  1249   0   0   0  59  824   0   0   0   0   0 100.00 100.00 100.00  93.32  4.511
 209  2137   0   0   0   9    1   0   0   0   0   0 100.00 100.00 100.00  10.00  0.419
 210  1996  10   0   0  14  154   0   0   0   0   0 100.00 100.00  93.90  91.67  0.697
 212   792   0   0   0   2    0   0   0   0   0   0 100.00 100.00      -   0.00  0.252
 213  2208   1   0   0   1  194   0   0   0   0   0 100.00 100.00  99.49  99.49  0.045
 215  2657   0   0   0   4  131   0   0   0   0   0 100.00 100.00 100.00  97.04  0.150
 217   235   1   0   0   0  139   0   0   0   0   0 100.00 100.00  99.29 100.00  0.000
 219  1715   3   0   0   0   48   0   0   0   0   0 100.00 100.00  94.12 100.00  0.000
 220  1601   0   0   0   0    0   0   0   0   0   0 100.00 100.00      -      -  0.000
 221  1702   1   0   0   2  315   0   0   0   0   0 100.00 100.00  99.68  99.37  0.117
 222   776   0   0   0 919    0   0   0   0   0   0 100.00 100.00      -   0.00 54.218
 223  1646 253   0   0  10  202   0   0   0   0   0 100.00 100.00  44.40  95.28  0.604
 228  1052   0   0   0 346  302   0   0   0   0   0 100.00 100.00 100.00  46.60 24.750
 230  1720   0   0   0 138    1   0   0   0   0   0 100.00 100.00 100.00   0.72  7.427
 231   302   0   0   0   0    0   0   0   0   0   0 100.00 100.00      -      -  0.000
 233  1855   2   0   0   4  690   0   0   0   0   0 100.00 100.00  99.71  99.42  0.215
 234  2238   0   0   0   0    3   0   0   0   0   0 100.00 100.00 100.00 100.00  0.000
______________________________________________________________________________________
Sum   56376 292   0   0 5877 5337   0   0   0   0   0
Gross                                                  100.00 100.00  94.81  47.59  9.441
Average                                                100.00 100.00  96.69  56.97  9.377
Total QRS complexes: 67882  Total VEBs: 5629

Summary of results from 40 records
