Results: Sensitivity=.909, Specificity=.940, PosPredictivity=.994
Record Nn' Vn' Fn' On'  Nv   Vv  Fv' Ov' No' Vo' Fo'  Q Se   Q +P   V Se   V +P  V FPR
 100  1809   0   0   0  63    1   0   0   0   0   0 100.00 100.00 100.00   1.56  3.365
 101  1518   0   0   0   0    0   0   0   0   0   0 100.00 100.00      -      -  0.000
 102     1   0   0   0   0    3   0   0   0   0   0 100.00 100.00 100.00 100.00  0.000
 103  1722   0   0   0   5    0   0   0   0   0   0 100.00 100.00      -   0.00  0.290
 104    98   0   0   0   0    1   0   0   0   0   0 100.00 100.00 100.00 100.00  0.000
 105  1980   2   0   0 141   27   0   0   0   0   0 100.00 100.00  93.10  16.07  6.648
 106  1223   4   0   0  13  456   0   0   0   0   0 100.00 100.00  99.13  97.23  1.052
 108     0   0   0   0 1460   13   0   0   0   0   0 100.00 100.00 100.00   0.88 100.000
 112  2106   0   0   0   3    0   0   0   0   0   0 100.00 100.00      -   0.00  0.142
 113  1501   0   0   0   0    0   0   0   0   0   0 100.00 100.00      -      -  0.000
 114   470   0   0   0 1089   30   0   0   0   0   0 100.00 100.00 100.00   2.68 69.852
 115  1633   0   0   0   4    0   0   0   0   0   0 100.00 100.00      -   0.00  0.244
 116  1490   0   0   0 428   98   0   0   0   0   0 100.00 100.00 100.00  18.63 22.315
 117   596   0   0   0 687    0   0   0   0   0   0 100.00 100.00      -   0.00 53.546
 119  1297   0   0   0   0  364   0   0   0   0   0 100.00 100.00 100.00 100.00  0.000
 121  1548   0   0   0  10    1   0   0   0   0   0 100.00 100.00 100.00   9.09  0.642
 122  2054   0   0   0   0    0   0   0   0   0   0 100.00 100.00      -      -  0.000
 123  1266   0   0   0   0    3   0   0   0   0   0 100.00 100.00 100.00 100.00  0.000
 200  1437  16   0   0   1  684   0   0   0   0   0 100.00 100.00  97.71  99.85  0.070
 201  1184   9   0   0   1  189   0   0   0   0   0 100.00 100.00  95.45  99.47  0.084
 202  1797   3   0   0   3   12   0   0   0   0   0 100.00 100.00  80.00  80.00  0.167
 203  1781   1   0   0 322  372   0   0   0   0   0 100.00 100.00  99.73  53.60 15.311
 205  2119   0   0   0   4   65   0   0   0   0   0 100.00 100.00 100.00  94.20  0.188
 208  1252   0   0   0  56  824   0   0   0   0   0 100.00 100.00 100.00  93.64  4.281
 209  2138   0   0   0   8    1   0   0   0   0   0 100.00 100.00 100.00  11.11  0.373
 210  2001  10   0   0   9  154   0   0   0   0   0 100.00 100.00  93.90  94.48  0.448
 212   792   0   0   0   2    0   0   0   0   0   0 100.00 100.00      -   0.00  0.252
 213  2208   1   0   0   1  194   0   0   0   0   0 100.00 100.00  99.49  99.49  0.045
 215  2657   0   0   0   4  131   0   0   0   0   0 100.00 100.00 100.00  97.04  0.150
 217   235   1   0   0   0  139   0   0   0   0   0 100.00 100.00  99.29 100.00  0.000
 219  1715   4   0   0   0   47   0   0   0   0   0 100.00 100.00  92.16 100.00  0.000
 220  1601   0   0   0   0    0   0   0   0   0   0 100.00 100.00      -      -  0.000
 221  1702   1   0   0   2  315   0   0   0   0   0 100.00 100.00  99.68  99.37  0.117
 222   830   0   0   0 865    0   0   0   0   0   0 100.00 100.00      -   0.00 51.032
 223  1651 277   0   0   5  178   0   0   0   0   0 100.00 100.00  39.12  97.27  0.302
 228  1092   0   0   0 306  302   0   0   0   0   0 100.00 100.00 100.00  49.67 21.888
 230  1744   0   0   0 114    1   0   0   0   0   0 100.00 100.00 100.00   0.87  6.136
 231   302   0   0   0   0    0   0   0   0   0   0 100.00 100.00      -      -  0.000
 233  1857   4   0   0   2  688   0   0   0   0   0 100.00 100.00  99.42  99.71  0.108
 234  2238   0   0   0   0    3   0   0   0   0   0 100.00 100.00 100.00 100.00  0.000
______________________________________________________________________________________
Sum   56645 333   0   0 5608 5296   0   0   0   0   0
Gross                                                  100.00 100.00  94.08  48.57  9.008
Average                                                100.00 100.00  96.14  57.60  8.976
Total QRS complexes: 67882  Total VEBs: 5629

Summary of results from 40 records
