Results: Sensitivity=.908, Specificity=.947, PosPredictivity=.994
Record Nn' Vn' Fn' On'  Nv   Vv  Fv' Ov' No' Vo' Fo'  Q Se   Q +P   V Se   V +P  V FPR
 100  1806   0   0   0  66    1   0   0   0   0   0 100.00 100.00 100.00   1.49  3.526
 101  1518   0   0   0   0    0   0   0   0   0   0 100.00 100.00      -      -  0.000
 102     1   0   0   0   0    3   0   0   0   0   0 100.00 100.00 100.00 100.00  0.000
 103  1722   0   0   0   5    0   0   0   0   0   0 100.00 100.00      -   0.00  0.290
 104    98   0   0   0   0    1   0   0   0   0   0 100.00 100.00 100.00 100.00  0.000
 105  1980   2   0   0 141   27   0   0   0   0   0 100.00 100.00  93.10  16.07  6.648
 106  1217   3   0   0  19  457   0   0   0   0   0 100.00 100.00  99.35  96.01  1.537
 108     0   0   0   0 1460   13   0   0   0   0   0 100.00 100.00 100.00   0.88 100.000
 112  2106   0   0   0   3    0   0   0   0   0   0 100.00 100.00      -   0.00  0.142
 113  1501   0   0   0   0    0   0   0   0   0   0 100.00 100.00      -      -  0.000
 114   450   0   0   0 1109   30   0   0   0   0   0 100.00 100.00 100.00   2.63 71.135
 115  1633   0   0   0   4    0   0   0   0   0   0 100.00 100.00      -   0.00  0.244
 116  1468   0   0   0 450   98   0   0   0   0   0 100.00 100.00 100.00  17.88 23.462
 117   587   0   0   0 696    0   0   0   0   0   0 100.00 100.00      -   0.00 54.248
 119  1297   0   0   0   0  364   0   0   0   0   0 100.00 100.00 100.00 100.00  0.000
 121  1548   0   0   0  10    1   0   0   0   0   0 100.00 100.00 100.00   9.09  0.642
 122  2054   0   0   0   0    0   0   0   0   0   0 100.00 100.00      -      -  0.000
 123  1266   0   0   0   0    3   0   0   0   0   0 100.00 100.00 100.00 100.00  0.000
 200  1437  15   0   0   1  685   0   0   0   0   0 100.00 100.00  97.86  99.85  0.070
 201  1184   1   0   0   1  197   0   0   0   0   0 100.00 100.00  99.49  99.49  0.084
 202  1796   3   0   0   4   12   0   0   0   0   0 100.00 100.00  80.00  75.00  0.222
 203  1749   1   0   0 354  372   0   0   0   0   0 100.00 100.00  99.73  51.24 16.833
 205  2119   0   0   0   4   65   0   0   0   0   0 100.00 100.00 100.00  94.20  0.188
 208  1250   0   0   0  58  824   0   0   0   0   0 100.00 100.00 100.00  93.42  4.434
 209  2138   0   0   0   8    1   0   0   0   0   0 100.00 100.00 100.00  11.11  0.373
 210  1996  10   0   0  14  154   0   0   0   0   0 100.00 100.00  93.90  91.67  0.697
 212   792   0   0   0   2    0   0   0   0   0   0 100.00 100.00      -   0.00  0.252
 213  2208   1   0   0   1  194   0   0   0   0   0 100.00 100.00  99.49  99.49  0.045
 215  2657   0   0   0   4  131   0   0   0   0   0 100.00 100.00 100.00  97.04  0.150
 217   235   1   0   0   0  139   0   0   0   0   0 100.00 100.00  99.29 100.00  0.000
 219  1715   4   0   0   0   47   0   0   0   0   0 100.00 100.00  92.16 100.00  0.000
 220  1601   0   0   0   0    0   0   0   0   0   0 100.00 100.00      -      -  0.000
 221  1702   1   0   0   2  315   0   0   0   0   0 100.00 100.00  99.68  99.37  0.117
 222   822   0   0   0 873    0   0   0   0   0   0 100.00 100.00      -   0.00 51.504
 223  1646 254   0   0  10  201   0   0   0   0   0 100.00 100.00  44.18  95.26  0.604
 228  1091   0   0   0 307  302   0   0   0   0   0 100.00 100.00 100.00  49.59 21.960
 230  1744   0   0   0 114    1   0   0   0   0   0 100.00 100.00 100.00   0.87  6.136
 231   302   0   0   0   0    0   0   0   0   0   0 100.00 100.00      -      -  0.000
 233  1856   2   0   0   3  690   0   0   0   0   0 100.00 100.00  99.71  99.57  0.161
 234  2238   0   0   0   0    3   0   0   0   0   0 100.00 100.00 100.00 100.00  0.000
______________________________________________________________________________________
Sum   56530 298   0   0 5723 5331   0   0   0   0   0
Gross                                                  100.00 100.00  94.71  48.23  9.193
Average                                                100.00 100.00  96.48  57.18  9.143
Total QRS complexes: 67882  Total VEBs: 5629

Summary of results from 40 records
